0.9542007517	65 153
0.9483323465	43 1232
0.9467276070	136 14
0.9451345981	340 26
0.9407125247	136 52
0.9396774758	279 140
0.9391895562	42 216
0.9368071639	43 937
0.9363528409	244 246
0.9352099984	14 119
0.9352034323	154 153
0.9335051160	14 26
0.9329867695	2098 2099
0.9294614461	136 86
0.9277360842	43 81
0.9272009916	43 1084
0.9271334509	43 255
0.9267737266	154 168
0.9250158718	256 259
0.9240189003	91 292
0.9222215898	238 59
0.9220879708	149 106
0.9210178202	331 153
0.9192261166	292 154
0.9187419136	43 26
0.9162134751	1354 853
0.9152411588	43 1302
0.9149238832	236 386
0.9143375056	43 1587
0.9117178938	275 277 279
0.9101487879	369 23
0.9095060521	42 2186
0.9082569874	118 14
0.9075419464	3051 785
0.9052041472	3 46 154
0.9049416073	223 225
0.9048280624	3224 86
0.9031648125	3 46
0.9031106414	14 26 23
0.9018736287	994 2722
0.8993940269	331 153 78
0.8961099802	603 153
0.8959467412	1161 279
0.8910826127	14 23
0.8908589912	42 55
0.8890632347	1035 7602
0.8865426184	22 78
0.8858714201	1036 1052
0.8855932840	42 603
0.8834164507	214 764
0.8790167621	184 1136
0.8740603243	5774 1466
0.8737612760	5774 1035
0.8686572067	3387 3194
0.8678623072	96 344
0.8669469571	173 213
0.8646835315	2227 1829
0.8643146185	42 23
0.8622722000	1461 1463
0.8596106374	65 78
0.8587184839	1035 588
0.8573141844	43 1991
0.8558598545	2355 5774 1466
0.8546302446	2426 1466
0.8528885455	1977 2048
0.8510300240	5774 1035 7602
0.8485721784	40 52
0.8482908325	26 23
0.8478727722	7489 2048
0.8459008000	238 37
0.8437568615	340 3194
0.8426127954	2355 12
0.8424523287	312 3182
0.8412406303	2341 1829
0.8394457742	6490 1421
0.8385066252	2138 42
0.8372712900	1039 588
0.8360816462	43 404
0.8346089012	65 379
0.8343640171	277 279
0.8341981945	1826 1827
0.8317516218	292 1274
0.8315214955	6490 1865
0.8284623460	293 143
0.8283577692	46 14
0.8268636473	3 136
0.8262710130	1766 407
0.8225317890	12 1390
0.8171773287	127 129
0.8168615950	340 145
0.8153578946	6490 8453
0.8145785704	490 81
0.8134055957	683 702
0.8097607611	1945 832
0.8086403858	3089 8327
0.8078470381	1128 52
0.8058957955	3182 825
0.8039604638	293 1084
0.8018764229	43 461
0.7997483098	3738 107
0.7994502642	2464 145
0.7988633245	1781 2692
0.7983938967	293 1014
0.7975712103	2355 1931
0.7960539740	71 23
0.7954050582	2400 4111
0.7949221036	5774 43
0.7944670694	306 209
0.7910826211	811 279 1537
0.7896000043	3 46 52
0.7892551010	512 875
0.7885385031	1766 145
0.7883115984	230 231
0.7869077650	344 199
0.7838508027	5340 7407
0.7829598964	7897 1971
0.7826834562	901 905
0.7809605691	145 243
0.7803547339	740 701
0.7790478563	3075 145
0.7727388556	1041 12
0.7721342785	1781 762
0.7675675813	1035 145
0.7634494783	46 154
0.7619866108	1041 982
0.7586260490	1781 1202
0.7560643605	206 209
0.7547812978	912 145
0.7506490079	2311 145
0.7505356052	1349 71
0.7491149930	1041 627
0.7485259052	2355 5774
0.7463226998	1041 912
0.7344931600	1004 466
0.7329205115	293 982
0.7298283941	418 47 419
0.7259923602	568 275
0.7247134621	279 145
0.7209243187	279 1537
0.7078840286	34 2722
0.6909911590	3154 7897
0.6827901902	11 45 45
0.6493368213	1638 123 145
0.6282402647	275 277
0.6196283304	221 47 119
0.5939655593	825 345 7548
0.5841606938	6 1825 1638
0.5779394718	207 45
0.5696859984	825 345 8232
0.5690918658	461 345 1977
0.5646302640	760 1342
0.5610405831	35 3 46 14
0.5595456385	811 279
0.5574811002	6424 47 568
0.5546197758	6490 1421 345
0.5245182402	1256 10 6 402
0.4951576677	119 47 199
0.4932019012	177 596
0.4844614279	224 349
0.4828183276	1825 1638
0.4760991391	3 46 14 74
0.4545514175	345 69 828
0.4465433377	568 296
0.4464600316	329 1781 1202
0.4451823124	329 1781 762
0.4417182642	631 74
0.4379005099	12 7126
0.4256997116	69 2211 1638
0.4253104155	32 6 1793
0.4164817256	5432 15
0.4107717238	245 74
0.4099955950	69 508 243
0.4095130833	345 2355
0.4085740903	2062 1638
0.4061151615	2 2303
0.4009261777	145 2
0.3976224457	378 435
0.3912773430	0 14
0.3905883476	943 2
0.3870295910	1638 123 145 2
0.3870020024	2062 1709
0.3869277969	224 173
0.3763273772	1028 1310
0.3751614930	7 15
0.3665662875	212 209
0.3609177866	1028 697
0.3596795783	329 389
0.3592987362	69 901 330 10
0.3581480581	618 724
0.3571061795	2398 69 508
0.3516948383	329 2113
0.3503864506	224 1063
0.3494516755	2687 61
0.3486572121	651 725
0.3471490935	2062 243
0.3454739881	494 496
0.3437575466	61 342 15
0.3402021556	32 329 1781
0.3385838968	69 269 10
0.3360498980	1028 1472
0.3352210818	958 2
0.3322996562	2398 69 2211
0.3313441867	560 1268
0.3265880169	924 61
0.3235375696	353 150
0.3203417704	2286 351
0.3186022766	450 440
0.3163931125	350 1888 10
0.3158380839	646 6 3375
0.3117468482	326 2
0.3100752758	32 6 468 10
0.3088177778	1028 326 2
0.3072554280	635 440
0.3029292767	329 1781
0.2990927988	435 1825
0.2982782176	150 391 150
0.2961444868	466 1150
0.2950761488	355 1327
0.2947629803	32 648 15
0.2943313539	2714 345
0.2940197202	32 6 5435 10
0.2934445791	355 322
0.2900542602	123 322
0.2887202123	560 435
0.2880853026	1028 2398
0.2863750085	1028 2438
0.2851983737	35 482
0.2833153824	1028 980
0.2829369438	351 123 663 15
0.2793069274	440 1328
0.2776294855	1028 507
0.2759408113	35 9
0.2741942476	123 2291
0.2701927814	1028 1150 578
0.2676946493	35 2150
0.2662380354	187 440
0.2637470835	190 725
0.2633231234	1028 2398 69
0.2629069868	35 7 15
0.2622677308	1028 1310 69 508
0.2609304553	391 356
0.2562550335	635 440 1328
0.2527759594	725 1644
0.2417257422	1028 2398 35
0.2261826434	2438 578
0.2201651540	1150 267
0.2182369987	850 392
0.2118940934	35 7
0.2115399575	1028 2075
0.2086193401	520 440
0.2058389213	1028 2317
0.2045606016	1028 1150
0.1932219602	150 391
0.1874116620	1150 578
