-1111
-
38
%
!
5232
3186
-1111
/
5234
-1111
" 4852
-
- -
- - -
- - - -
- - - - -
6083
5914
45
69
2293
1069
7558
581
6379
1334
521
2952
-1111
8235
2556
854
4061
585
436
553
2479
4580
392
1876
2111
3241
2829
-1111
35
47
659
1958
4855
-1111
1154
3939
-1111
-1111
3068
6160
3924
-1111
690
355
2457
150
-1111
4057
-1111
1089
646
447
567
-1111
495
440
2162
375
469
4151
3818
435
2018
-1111
4213
1820
916
8499
9191
9092
1565
229
1026
117
1171
3181
850
350
11
2629
635
1864
-1111
2379
5273
2131
3811
1453
1319
1478
5338
566
2976
1144
9264
2075
4137
1094
2493
1666
4171
554
339
446
596
-1111
960
4244
6318
403
190
651
5120
2700
2321
-1111
691
34
1521
-1111
-1111
3259
2501
984
8336
135
2650
2466
5164
2299
1528
2283
1735
-1111
-1111
5544
-1111
-1111
2242
763
967
5146
3370
2273
2763
253
6326
908
2328
7674
27
7644
-1111
591
735
345
1200
2133
4959
3085
-1111
5249
400
549
3328
6251
1297
-1111
-1111
-1111
-1111
5758
2272
-1111
-1111
378
560
4235
1034
-1111
1024
2110
5550
2463
-1111
-1111
-1111
-1111
-1111
-1111
-1111
-1111
-1111
3876
-1111
-1111
267
-1111
840
308
9387
1336
6270
5594
32
-1111
5937
9726
2823
6144
4217
7788
6059
2488
618
-1111
123
351
111
1748
608
497
3664
2852
9791
5087
1293
-1111
356
3590
1027
-1111
506
6635
-1111
317
2794
-1111
9416
1194
-1111
689
2097
1121
7642
5143
-1111
70
2369
615
520
-1111
2178
2244
-1111
-1111
3322
485
3432
442
2029
550
2125
120
2527
5921
1456
2744
9520
4134
2079
1117
1291
1996
5185
2142
2346
508
56
4269
1020
-1111
3271
1963
-1111
5186
7042
725
2465
2211
861
-1111
1215
2274
10
5018
2100
-1111
-1111
-1111
7899
2
2693
655
4027
1644
6679
558
488
2326
8915
-1111
2062
-1111
2039
1102
2960
597
459
2230
41
2314
2309
3240
2210
7812
6981
1379
663
-1111
3047
390
-1111
-1111
2145
-1111
3500
494
-1111
1778
2228
5607
2177
5746
-1111
4041
6319
2134
4852
-1111
3375
-1111
505
-1111
2462
212
3295
593
8622
4857
2277
-1111
2659
1214
996
-1111
-1111
3179
5539
-1111
6323
746
-1111
1408
187
1209
7436
517
676
-1111
-1111
981
2141
-1111
1118
6118
1948
-1111
-1111
2731
2052
204
1032
5461
353
-1111
3130
652
481
2275
5688
-1111
5923
496
3210
3345
-1111
578
-1111
6
1074
-1111
1891
6223
546
-1111
1183
-1111
4272
870
9233
-1111
-1111
401
370
2252
217
329
543
6564
464
2443
760
2235
6347
-1111
2389
15
687
1937
2746
4238
1892
1003
-1111
5540
8277
-1111
-1111
638
7990
-1111
1299
9871
5859
2278
7998
-1111
271
4126
2006
324
1328
1531
511
607
2329
-1111
7993
2617
528
806
3203
7657
5523
1770
3042
1719
1037
647
1028
-1111
391
4084
2445
502
-1111
1441
-1111
6908
29
-1111
2577
-1111
8711
-1111
-1111
556
337
503
-1111
1188
-1111
4002
6339
2517
637
450
3982
2698
61
962
1872
1068
1191
1191
2222
3931
7578
1751
519
1019
-1111
-1111
-1111
3943
7281
38
" 4852
" 4852
-
- -
- - -
69
1069
7558
1334
2952
-1111
8235
2556
854
436
553
2479
4580
392
1876
2111
3241
2829
-1111
-1111
4074
35
47
659
1958
-1111
1154
3939
-1111
3068
355
2457
150
646
590
440
2162
375
469
4151
3818
435
2018
-1111
4213
1820
8499
9191
9092
1026
117
3297
1171
1928
850
350
2494
635
1864
1478
224
-1111
554
-1111
1243
2317
3914
190
2700
2321
2490
691
1521
-1111
3259
2501
-1111
984
8336
8267
135
2299
1528
2283
1735
-1111
5544
-1111
967
2273
9667
-1111
4085
2414
-1111
253
6326
27
7644
-1111
-1111
1290
735
345
595
602
1200
3085
2394
3328
2272
378
560
1034
2110
5550
2463
-1111
-1111
-1111
-1111
-1111
-1111
-1111
-1111
3876
267
840
-1111
308
9387
1336
32
5937
9726
1823
618
123
351
111
1748
2852
1027
6635
-1111
317
2794
-1111
3374
615
520
2178
-1111
3322
-1111
964
485
3432
442
2029
589
550
2125
120
2527
1456
2744
5185
2142
2346
56
4269
1020
-1111
1963
-1111
5186
725
2465
861
-1111
10
5018
2100
2
2693
655
1644
6679
558
488
2326
8915
2062
-1111
2039
1102
597
2230
20
3240
2210
6981
5231
494
1778
3375
593
4857
2277
-1111
2659
5539
746
1408
187
1150
5847
1209
-1111
7436
-1111
517
676
-1111
981
2141
-1111
1118
1948
1032
353
74
481
6353
496
578
6
1074
1891
6223
546
-1111
1183
-1111
4272
870
9233
-1111
401
370
-1111
6483
217
329
464
2443
760
2235
6347
-1111
2389
15
687
1937
3967
4238
1892
7398
8451
638
-1111
1299
7998
271
4126
2006
806
3203
1037
1028
502
-1111
1441
-1111
6908
29
-1111
2577
-1111
8711
-1111
-1111
556
337
503
-1111
1188
-1111
4002
6339
2517
637
450
61
962
1872
1191
1751
519
1019
-1111
-1111
-1111
-1111
-1111
-1111
-1111
-1111
-1111
-1111
-1111
-1111
-1111
-1111
-1111
2522
5740
2074
-1111
-1111
-1111
-1111
-1111
-1111
-1111
-1111
-1111
-1111
-1111
-1111
-1111
-1111
-1111
-1111
-1111
-1111
7801
1549
-1111
-1111
-1111
3158
3129
-1111
-1111
-1111
-1111
-1111
-1111
-1111
-1111
-1111
-1111
-1111
2936
2890
-1111
-1111
-1111
-1111
-1111
-1111
-1111
-1111
-1111
-1111
-1111
-1111
-1111
-1111
-1111
-1111
-1111
-1111
-1111
-1111
-1111
2256
-1111
-1111
-1111
391
2445
-1111
-1111
-1111
5651
-1111
-1111
-1111
-1111
-1111
-1111
-1111
-1111
-1111
-1111
-1111
-1111
-1111
-1111
-1111
-1111
-1111
-1111
-1111
-1111
-1111
-1111
-1111
-1111
-1111
-1111
-1111
-1111
-1111
-1111
-1111
-1111
-1111
-1111
-1111
-1111
-1111
-1111 "
-1111
-1111
-1111
3087
3331
2208
38
" 4852
" 4852
-
- -
- - -
69
1069
7558
2952
8235
2556
854
3241
35
47
1958
355
-1111
150
646
440
375
435
2018
1820
8499
1026
1171
850
350
-1111
1864
554
2310
6318
2522
190
651
5740
5120
2074
2321
691
1521
2273
27
345
1200
2272
-1111
378
-1111
560
2557
4235
1034
-1111
-1111
-1111
5550
2463
-1111
-1111
-1111
-1111
-1111
3876
267
-1111
308
-1111
3158
3129
-1111
1336
32
618
123
-1111
351
1631
111
1748
-1111
2178
485
442
-1111
120
2527
1020
5186
725
10
5018
2
2693
1644
558
488
-1111
2062
-1111
2039
1102
597
2230
3375
-1111
1408
-1111
-1111
-1111
187
-1111
517
676
353
496
578
-1111
6
1074
-1111
1891
6223
546
1183
-1111
401
370
-1111
-1111
2256
-1111
329
464
2235
15
1937
1299
7998
271
806
1037
5651
1028
-1111
-1111
-1111
-1111
2445
-1111
502
-1111
1441
-1111
29
-1111
337
503
1188
-1111
6339
637
-1111
61
4808
1191
-1111
519
-1111
3087
3331
2208
1019
-1111
-1111
-1111
69
495
11
596
34
5146
4959
5758
308
608
3664
3590
70
5921
1215
41
-1111
3500
4852
652
7990
7993
1770
2222
3931
3943
6
440
15
10
47
69
32
578
560
308
351
27
725
2
61
1034
150
519
190
646
329
850
3876
350
345
370
1028
505
5550
1408
558
35
450
120
655
854
1191
1183
1074
502
517
271
1102
1336
1069
1188
3085
337
3328
2178
1441
1013
635
1194
296
1020
497
-1111
1293
481
617
618
7638
1019
1166
676
554
1891
593
488
496
546
861
1121
1644
566
111
597
2252
392
590
2952
324
638
267
2062
385
253
391
647
1528
508
3042
375
1958
401
2394
3926
442
2006
